cnn confusion matrix:
[[ 534   12   10   24    6   31    9    1    0]
 [  12 2139   83  149   26  150  102   11    0]
 [  16   98 4175  492   73  379  200   32    0]
 [   8   93  361 8066  132  654  714   42    0]
 [   1   20   50  168 1464  104   87    6    0]
 [  13  135  235  649  100 8141  314   42    0]
 [   8   69  202  834  108  422 4719   27    0]
 [   1   15   15   41    9   66   19  587    0]
 [   0    0    0    0    0    0    0    0    7]]

lstm confusion matrix:
[[ 490   16   29   32    0   54    5    1    0]
 [   8 2029  147  150    2  235   89   12    0]
 [  17  128 4159  577   18  274  272   20    0]
 [  11   73  331 7680   56  613 1260   46    0]
 [   0   14   70  321 1045  249  187   14    0]
 [  26   76  245  631   49 8224  338   40    0]
 [   1   42  114 1068   47  418 4669   30    0]
 [   3   10   33   63   12   75   54  503    0]
 [   0    0    0    0    0    5    0    0    2]]